[0, (357, 364)]
[4, (359, 364)]
[9, (279, 306)]
[11, (3, 42)]
[11, (174, 190)]
[11, (359, 364)]
[13, (3, 42)]
[13, (293, 311)]
[14, (88, 109)]
[14, (120, 139)]
[16, (150, 172)]
[16, (196, 232)]
[19, (358, 364)]
[27, (359, 364)]
[28, (54, 70)]
[30, (359, 364)]
[34, (3, 22)]
[34, (25, 42)]
[34, (44, 60)]
[34, (359, 364)]
[36, (359, 364)]
[37, (0, 30)]
[37, (67, 91)]
[37, (278, 305)]
[37, (328, 357)]
[38, (21, 73)]
[39, (0, 30)]
[40, (26, 42)]
[43, (75, 90)]
[43, (293, 310)]
[44, (14, 30)]
[45, (297, 332)]
[46, (117, 143)]
[46, (180, 251)]
[46, (253, 274)]
[47, (183, 198)]
