[0, (91, 106)]
[0, (156, 198)]
[1, (232, 271)]
[4, (204, 224)]
[4, (232, 271)]
[6, (271, 287)]
[7, (83, 106)]
[7, (114, 227)]
[7, (242, 271)]
[10, (63, 109)]
[10, (115, 209)]
[11, (232, 267)]
[13, (69, 102)]
[13, (114, 216)]
[14, (232, 272)]
[16, (63, 80)]
[16, (83, 102)]
[17, (0, 0)]
[18, (190, 216)]
[20, (180, 212)]
[21, (94, 110)]
[21, (150, 168)]
[21, (170, 188)]
[21, (204, 219)]
[23, (75, 106)]
[23, (145, 192)]
[23, (232, 249)]
[25, (251, 271)]
[27, (27, 42)]
[28, (0, 5)]
[28, (204, 222)]
[28, (232, 267)]
[30, (0, 7)]
[31, (104, 148)]
[31, (159, 193)]
[31, (196, 224)]
[31, (232, 269)]
[32, (338, 356)]
[34, (89, 110)]
[34, (115, 138)]
[34, (155, 230)]
[37, (186, 212)]
[38, (232, 267)]
[39, (180, 195)]
[41, (0, 0)]
[41, (166, 195)]
[44, (166, 212)]
[45, (83, 102)]
[45, (114, 131)]
[47, (83, 106)]
[47, (165, 198)]
[47, (229, 269)]
