[0, (0, 17)]
[0, (149, 242)]
[0, (288, 362)]
[3, (315, 337)]
[3, (341, 362)]
[4, (213, 242)]
[4, (288, 349)]
[6, (44, 60)]
[6, (88, 123)]
[6, (140, 217)]
[7, (0, 12)]
[14, (119, 144)]
[14, (189, 218)]
[14, (262, 281)]
[16, (6, 22)]
[16, (35, 53)]
[16, (85, 127)]
[17, (0, 8)]
[19, (156, 218)]
[19, (320, 362)]
[20, (219, 244)]
[20, (284, 349)]
[22, (315, 330)]
[22, (333, 353)]
[23, (217, 247)]
[23, (293, 340)]
[23, (342, 357)]
[24, (24, 42)]
[24, (44, 61)]
[24, (86, 125)]
[24, (138, 219)]
[25, (0, 11)]
[31, (0, 5)]
[32, (67, 84)]
[33, (52, 71)]
[34, (0, 8)]
[34, (122, 140)]
[38, (268, 286)]
[47, (0, 4)]
[47, (89, 122)]
[47, (341, 362)]
