[7, (35, 50)]
[9, (35, 50)]
[9, (52, 71)]
[11, (52, 71)]
[14, (256, 277)]
[15, (165, 184)]
[18, (10, 26)]
[19, (306, 328)]
[20, (10, 28)]
[22, (112, 131)]
[22, (340, 355)]
[23, (67, 82)]
[26, (67, 84)]
[28, (19, 42)]
[28, (81, 117)]
[28, (164, 180)]
[30, (0, 5)]
[30, (19, 42)]
[30, (80, 118)]
[34, (44, 61)]
[34, (137, 154)]
[34, (197, 213)]
[37, (253, 312)]
[39, (131, 150)]
[39, (234, 251)]
[42, (0, 5)]
[43, (126, 145)]
[43, (231, 247)]
[44, (0, 7)]
[44, (157, 188)]
[44, (194, 234)]
[45, (0, 14)]
