[0, (0, 1)]
[1, (0, 2)]
[1, (4, 23)]
[3, (0, 7)]
[4, (36, 58)]
[4, (359, 364)]
[5, (0, 4)]
[5, (54, 69)]
[7, (0, 4)]
[7, (41, 69)]
[11, (0, 1)]
[13, (76, 92)]
[13, (137, 238)]
[13, (243, 299)]
[13, (359, 364)]
[14, (83, 98)]
[15, (0, 0)]
[16, (0, 4)]
[16, (30, 46)]
[17, (55, 73)]
[19, (328, 346)]
[19, (359, 364)]
[23, (359, 364)]
[24, (0, 18)]
[24, (48, 71)]
[25, (0, 3)]
[26, (0, 2)]
[27, (20, 38)]
[27, (328, 344)]
[29, (328, 344)]
[29, (359, 364)]
[31, (83, 101)]
[31, (139, 156)]
[31, (211, 238)]
[31, (359, 364)]
[33, (0, 1)]
[33, (75, 92)]
[35, (309, 327)]
[36, (359, 364)]
[38, (0, 0)]
[38, (312, 327)]
[39, (0, 1)]
[41, (359, 364)]
[42, (87, 102)]
[47, (0, 1)]
