[12, (282, 302)]
[14, (0, 15)]
[14, (60, 79)]
[14, (121, 178)]
[14, (194, 217)]
[14, (274, 293)]
[14, (349, 364)]
[15, (16, 64)]
[15, (95, 125)]
[15, (309, 346)]
[16, (156, 181)]
[17, (0, 1)]
[17, (190, 233)]
[18, (232, 274)]
[18, (280, 302)]
[19, (108, 131)]
[20, (124, 186)]
[21, (186, 238)]
[22, (0, 1)]
[22, (64, 84)]
[22, (234, 281)]
[22, (349, 364)]
[23, (16, 58)]
[23, (81, 115)]
[23, (305, 347)]
[30, (0, 2)]
[30, (67, 97)]
[30, (274, 310)]
[30, (349, 364)]
[31, (16, 63)]
[31, (95, 142)]
[31, (312, 347)]
[32, (138, 186)]
[33, (185, 245)]
[34, (278, 302)]
[36, (138, 186)]
[37, (190, 239)]
[38, (0, 23)]
[38, (64, 79)]
[38, (237, 277)]
[38, (351, 364)]
[39, (15, 58)]
[39, (84, 109)]
[39, (299, 346)]
