[12, (44, 68)]
[12, (72, 88)]
[13, (148, 184)]
[13, (205, 231)]
[13, (236, 269)]
[13, (296, 312)]
[13, (316, 332)]
[13, (343, 363)]
[14, (0, 16)]
[14, (99, 148)]
[16, (105, 148)]
[17, (271, 300)]
[17, (306, 322)]
[18, (0, 12)]
[20, (26, 150)]
[20, (163, 197)]
[20, (240, 266)]
[20, (271, 301)]
[32, (0, 22)]
[32, (297, 363)]
[33, (43, 68)]
[33, (73, 96)]
[33, (226, 241)]
[34, (97, 159)]
[34, (190, 213)]
[35, (226, 281)]
[36, (0, 16)]
[36, (302, 318)]
[36, (336, 353)]
[38, (26, 140)]
[38, (188, 267)]
[38, (271, 301)]
[46, (236, 253)]
