[0, (324, 364)]
[10, (0, 97)]
[10, (274, 364)]
[12, (94, 113)]
[12, (235, 274)]
[14, (0, 0)]
[14, (110, 161)]
[14, (174, 199)]
[14, (275, 327)]
[15, (189, 207)]
[15, (209, 236)]
[16, (237, 271)]
[16, (330, 364)]
[18, (0, 63)]
[18, (78, 93)]
[18, (128, 239)]
[20, (91, 107)]
[34, (214, 236)]
[35, (170, 199)]
[36, (271, 331)]
[37, (0, 70)]
[37, (73, 97)]
[37, (239, 257)]
[38, (153, 171)]
[38, (174, 217)]
[38, (221, 255)]
[38, (259, 280)]
[39, (96, 133)]
[40, (273, 329)]
[41, (159, 244)]
[42, (240, 280)]
[42, (324, 364)]
[43, (110, 143)]
[44, (0, 12)]
[45, (8, 65)]
[45, (73, 94)]
[47, (92, 110)]
