[0, (208, 249)]
[1, (170, 186)]
[2, (132, 152)]
[3, (149, 172)]
[13, (0, 96)]
[13, (275, 364)]
[15, (93, 364)]
[16, (0, 3)]
[17, (87, 112)]
[17, (114, 137)]
[17, (140, 194)]
[17, (208, 277)]
[20, (177, 192)]
[22, (0, 2)]
[23, (0, 22)]
[23, (50, 89)]
[25, (19, 54)]
[33, (205, 222)]
[35, (274, 364)]
[36, (205, 220)]
[37, (92, 214)]
[37, (228, 274)]
[37, (279, 364)]
[39, (90, 156)]
[39, (166, 214)]
[39, (236, 276)]
[40, (42, 57)]
[41, (22, 39)]
[41, (123, 141)]
[41, (188, 221)]
[42, (1, 26)]
[42, (88, 103)]
[43, (0, 5)]
[43, (235, 266)]
[43, (268, 288)]
[44, (0, 17)]
[44, (19, 36)]
[44, (87, 103)]
[44, (315, 331)]
[45, (100, 140)]
[45, (283, 304)]
[46, (126, 141)]
[46, (246, 269)]
[46, (272, 290)]
[47, (233, 250)]
