[3, (154, 264)]
[3, (288, 303)]
[4, (142, 158)]
[6, (105, 146)]
[10, (288, 313)]
[11, (105, 158)]
[11, (272, 295)]
[11, (300, 341)]
[12, (2, 40)]
[12, (43, 89)]
[12, (154, 173)]
[12, (180, 200)]
[12, (234, 262)]
[13, (85, 128)]
[13, (169, 188)]
[13, (196, 238)]
[13, (258, 273)]
[13, (277, 295)]
[14, (62, 83)]
[14, (124, 173)]
[14, (180, 199)]
[14, (322, 337)]
[32, (0, 13)]
[34, (0, 1)]
[34, (130, 153)]
[34, (317, 332)]
[37, (267, 282)]
[38, (0, 0)]
[38, (332, 350)]
[44, (0, 14)]
[44, (21, 50)]
[44, (54, 71)]
[45, (69, 94)]
[45, (279, 295)]
[45, (318, 342)]
[45, (344, 364)]
[46, (124, 151)]
[46, (240, 258)]
