[11, (278, 301)]
[12, (297, 316)]
[12, (321, 350)]
[13, (45, 62)]
[13, (120, 153)]
[13, (197, 255)]
[14, (0, 13)]
[14, (110, 127)]
[14, (149, 167)]
[14, (170, 201)]
[14, (209, 225)]
[14, (241, 274)]
[15, (123, 153)]
[15, (197, 255)]
[18, (10, 27)]
[18, (139, 154)]
[18, (180, 197)]
[18, (269, 284)]
[19, (122, 139)]
[19, (213, 235)]
[19, (237, 252)]
[19, (344, 360)]
[20, (295, 320)]
[21, (89, 106)]
[21, (123, 148)]
[21, (153, 169)]
[29, (57, 86)]
[29, (279, 322)]
[30, (0, 22)]
[30, (24, 61)]
[30, (275, 306)]
[30, (312, 361)]
[31, (67, 87)]
[31, (96, 177)]
[31, (191, 218)]
[31, (222, 241)]
[31, (246, 277)]
[31, (279, 322)]
[32, (0, 9)]
[32, (168, 195)]
[32, (214, 260)]
[33, (24, 64)]
[33, (99, 116)]
[33, (123, 163)]
[33, (313, 358)]
[34, (290, 310)]
[35, (278, 313)]
[36, (223, 251)]
[37, (126, 276)]
[38, (290, 310)]
[38, (316, 341)]
[39, (2, 29)]
[40, (0, 0)]
[40, (254, 278)]
[41, (0, 9)]
[41, (15, 42)]
[41, (45, 63)]
[41, (66, 86)]
[41, (135, 156)]
[41, (219, 260)]
[41, (275, 303)]
[41, (308, 346)]
[42, (91, 118)]
[43, (114, 132)]
[43, (134, 276)]
