[0, (50, 65)]
[0, (278, 305)]
[2, (282, 304)]
[4, (50, 65)]
[4, (282, 304)]
[6, (282, 304)]
[8, (282, 304)]
[10, (282, 304)]
[12, (282, 304)]
[14, (5, 21)]
[14, (40, 176)]
[14, (282, 304)]
[16, (224, 264)]
[16, (282, 364)]
[17, (359, 364)]
[18, (282, 304)]
[20, (277, 304)]
[22, (22, 42)]
[22, (44, 64)]
[22, (75, 184)]
[22, (282, 304)]
[24, (184, 237)]
[24, (298, 364)]
[26, (0, 17)]
[27, (282, 304)]
[28, (0, 0)]
[29, (282, 301)]
[30, (20, 188)]
[30, (283, 304)]
[31, (0, 0)]
[31, (282, 301)]
[31, (304, 364)]
[32, (185, 283)]
[32, (285, 304)]
[33, (282, 301)]
[35, (282, 301)]
[36, (52, 67)]
[36, (285, 310)]
[37, (282, 301)]
[37, (359, 364)]
[38, (20, 187)]
[38, (285, 304)]
[39, (282, 301)]
[39, (304, 364)]
[40, (184, 281)]
[40, (285, 304)]
[41, (282, 301)]
[42, (285, 304)]
[43, (282, 299)]
[44, (285, 306)]
