[9, (0, 11)]
[10, (298, 364)]
[12, (285, 308)]
[13, (27, 42)]
[13, (85, 145)]
[13, (317, 333)]
[14, (222, 265)]
[15, (27, 54)]
[15, (140, 175)]
[15, (192, 223)]
[15, (262, 294)]
[16, (41, 56)]
[16, (228, 247)]
[17, (146, 176)]
[17, (198, 227)]
[17, (236, 265)]
[18, (359, 364)]
[21, (40, 55)]
[25, (0, 15)]
[29, (85, 143)]
[32, (140, 159)]
[32, (315, 335)]
[33, (0, 9)]
[33, (35, 56)]
[34, (24, 44)]
[34, (85, 142)]
[35, (146, 164)]
[35, (166, 214)]
[36, (212, 227)]
[37, (298, 317)]
[37, (319, 334)]
[38, (19, 38)]
[38, (234, 257)]
[40, (0, 5)]
[40, (17, 32)]
[42, (230, 247)]
[45, (21, 42)]
[45, (100, 127)]
[46, (83, 103)]
