[11, (161, 241)]
[11, (257, 295)]
[11, (297, 342)]
[11, (345, 364)]
[12, (0, 114)]
[12, (120, 156)]
[14, (236, 259)]
[14, (261, 277)]
[14, (314, 364)]
[15, (92, 158)]
[15, (161, 184)]
[15, (271, 316)]
[16, (0, 93)]
[28, (354, 364)]
[33, (236, 251)]
[33, (272, 364)]
[34, (0, 44)]
[34, (51, 158)]
[34, (162, 199)]
[34, (201, 233)]
[34, (267, 293)]
[35, (0, 0)]
[35, (246, 268)]
[36, (216, 233)]
[36, (301, 332)]
[36, (339, 364)]
[37, (4, 26)]
[37, (151, 167)]
[37, (169, 202)]
[37, (229, 257)]
[38, (0, 154)]
