[2, (57, 92)]
[3, (82, 104)]
[9, (152, 167)]
[10, (100, 160)]
[10, (331, 356)]
[11, (315, 333)]
[13, (216, 231)]
[14, (326, 355)]
[15, (52, 165)]
[15, (216, 231)]
[15, (315, 334)]
[19, (257, 282)]
[20, (199, 218)]
[22, (198, 213)]
[23, (76, 105)]
[24, (198, 214)]
[26, (197, 214)]
[27, (100, 159)]
[27, (183, 198)]
[27, (312, 331)]
[28, (150, 166)]
[28, (198, 213)]
[29, (315, 331)]
[32, (42, 62)]
[32, (216, 231)]
[35, (100, 174)]
[36, (0, 0)]
[38, (301, 316)]
[41, (276, 301)]
[41, (305, 324)]
[42, (282, 299)]
[42, (331, 356)]
[43, (247, 284)]
[44, (176, 191)]
[45, (59, 103)]
[45, (331, 349)]
[46, (87, 102)]
