[0, (268, 354)]
[3, (0, 32)]
[6, (268, 360)]
[10, (358, 364)]
[11, (0, 12)]
[11, (276, 316)]
[12, (194, 238)]
[13, (277, 295)]
[14, (0, 12)]
[14, (167, 186)]
[14, (236, 256)]
[14, (284, 302)]
[14, (327, 354)]
[15, (0, 0)]
[15, (179, 195)]
[18, (272, 349)]
[19, (72, 89)]
[20, (0, 4)]
[21, (2, 25)]
[24, (272, 354)]
[29, (4, 20)]
[32, (7, 23)]
[34, (0, 3)]
[34, (175, 190)]
[35, (88, 128)]
[35, (139, 158)]
[36, (160, 177)]
[36, (181, 277)]
[37, (0, 30)]
[40, (297, 339)]
[45, (0, 32)]
[45, (86, 107)]
