[14, (0, 1)]
[14, (19, 42)]
[14, (66, 81)]
[14, (287, 363)]
[15, (82, 109)]
[16, (105, 135)]
[16, (140, 185)]
[16, (187, 222)]
[16, (251, 363)]
[17, (178, 199)]
[17, (208, 254)]
[18, (253, 293)]
[19, (191, 256)]
[22, (114, 136)]
[30, (0, 1)]
[33, (133, 149)]
[33, (209, 224)]
[34, (287, 363)]
[35, (66, 97)]
[35, (196, 212)]
[36, (112, 131)]
[36, (134, 158)]
[36, (209, 224)]
[36, (261, 283)]
[36, (288, 363)]
[37, (174, 192)]
[37, (216, 259)]
[38, (255, 292)]
[39, (195, 259)]
[42, (106, 131)]
[43, (86, 108)]
[43, (172, 190)]
