[13, (131, 167)]
[13, (201, 238)]
[13, (339, 354)]
[14, (16, 33)]
[14, (66, 106)]
[14, (212, 230)]
[15, (131, 159)]
[15, (211, 227)]
[16, (0, 1)]
[16, (3, 19)]
[21, (228, 248)]
[21, (263, 282)]
[22, (0, 6)]
[22, (36, 105)]
[22, (108, 234)]
[22, (238, 264)]
[25, (359, 364)]
[30, (0, 1)]
[30, (17, 272)]
[32, (0, 0)]
[33, (50, 70)]
[33, (316, 342)]
[34, (130, 219)]
[34, (222, 248)]
[35, (101, 137)]
[35, (251, 267)]
[35, (290, 316)]
[35, (326, 357)]
[36, (124, 172)]
[36, (187, 209)]
[36, (238, 257)]
[37, (102, 124)]
[38, (14, 35)]
[38, (66, 106)]
