[0, (0, 2)]
[0, (165, 185)]
[2, (0, 2)]
[4, (0, 2)]
[4, (163, 178)]
[8, (0, 2)]
[11, (0, 2)]
[13, (0, 54)]
[13, (73, 157)]
[13, (160, 191)]
[13, (297, 362)]
[14, (51, 82)]
[15, (0, 2)]
[15, (165, 189)]
[17, (70, 119)]
[17, (122, 160)]
[17, (301, 361)]
[18, (110, 128)]
[18, (139, 155)]
[19, (0, 11)]
[20, (1, 16)]
[21, (48, 65)]
[22, (12, 42)]
[28, (0, 2)]
[29, (0, 122)]
[29, (124, 160)]
[29, (279, 294)]
[29, (297, 361)]
[30, (0, 2)]
[30, (47, 66)]
[32, (0, 2)]
[32, (163, 183)]
[34, (0, 2)]
[34, (163, 187)]
[35, (75, 92)]
[35, (303, 361)]
[36, (0, 14)]
[36, (83, 105)]
[36, (126, 164)]
[36, (168, 187)]
[36, (198, 214)]
[36, (258, 278)]
[37, (5, 37)]
[37, (39, 67)]
[37, (183, 202)]
[37, (207, 236)]
[38, (0, 2)]
[38, (168, 187)]
[38, (237, 252)]
[40, (0, 2)]
[40, (165, 187)]
[42, (0, 2)]
[42, (165, 185)]
[43, (254, 271)]
[44, (0, 2)]
[44, (165, 185)]
[47, (0, 2)]
[47, (165, 185)]
