[14, (306, 364)]
[15, (130, 154)]
[15, (217, 232)]
[15, (265, 281)]
[20, (0, 15)]
[20, (17, 126)]
[21, (0, 1)]
[21, (122, 138)]
[21, (217, 268)]
[21, (286, 309)]
[22, (172, 197)]
[22, (218, 237)]
[22, (306, 364)]
[23, (97, 138)]
[23, (188, 209)]
[23, (215, 265)]
[23, (289, 309)]
[26, (85, 101)]
[28, (69, 89)]
[30, (0, 5)]
[30, (20, 66)]
[30, (306, 357)]
[30, (359, 364)]
[31, (1, 17)]
[34, (129, 174)]
[34, (177, 229)]
[36, (206, 227)]
[36, (276, 292)]
[37, (155, 172)]
[38, (149, 164)]
[38, (196, 222)]
[38, (298, 364)]
[39, (156, 172)]
