[15, (321, 336)]
[18, (0, 44)]
[19, (51, 79)]
[19, (254, 270)]
[20, (97, 139)]
[20, (319, 341)]
[20, (349, 364)]
[21, (294, 319)]
[22, (0, 0)]
[22, (9, 27)]
[23, (23, 79)]
[24, (97, 115)]
[24, (253, 270)]
[28, (359, 364)]
[30, (0, 44)]
[30, (319, 340)]
[31, (48, 82)]
[32, (100, 115)]
[32, (140, 171)]
[32, (174, 196)]
[33, (209, 238)]
[33, (309, 325)]
[33, (359, 364)]
[34, (0, 15)]
[34, (29, 92)]
[34, (105, 138)]
[34, (234, 315)]
[34, (338, 362)]
[35, (151, 174)]
[35, (309, 342)]
[36, (0, 35)]
[36, (38, 56)]
[36, (73, 91)]
[36, (95, 115)]
[36, (159, 221)]
[36, (252, 279)]
[37, (139, 183)]
[37, (219, 249)]
[37, (251, 269)]
[38, (92, 121)]
[38, (248, 276)]
