[0, (0, 2)]
[1, (0, 4)]
[3, (0, 1)]
[4, (0, 2)]
[5, (0, 1)]
[7, (0, 2)]
[9, (0, 1)]
[11, (0, 1)]
[13, (0, 2)]
[14, (0, 1)]
[14, (108, 177)]
[14, (218, 237)]
[15, (0, 2)]
[17, (0, 2)]
[19, (0, 4)]
[22, (0, 2)]
[23, (0, 0)]
[26, (0, 2)]
[29, (0, 2)]
[29, (13, 98)]
[29, (156, 264)]
[29, (272, 289)]
[29, (313, 332)]
[31, (0, 1)]
[32, (110, 129)]
[33, (0, 1)]
[34, (0, 2)]
[36, (0, 2)]
[37, (0, 4)]
[38, (0, 2)]
[40, (0, 2)]
[41, (0, 94)]
[41, (156, 228)]
[41, (231, 352)]
[42, (0, 1)]
[43, (0, 2)]
[43, (135, 155)]
[44, (0, 5)]
[45, (0, 4)]
[46, (0, 0)]
[47, (0, 5)]
