[6, (343, 362)]
[7, (328, 344)]
[7, (358, 364)]
[8, (66, 94)]
[8, (303, 332)]
[9, (2, 35)]
[10, (92, 114)]
[10, (239, 256)]
[11, (343, 363)]
[12, (0, 1)]
[13, (0, 22)]
[13, (100, 115)]
[13, (303, 333)]
[15, (98, 161)]
[16, (342, 362)]
[18, (303, 325)]
[21, (66, 91)]
[21, (355, 364)]
[23, (231, 257)]
[23, (305, 334)]
[24, (256, 294)]
[25, (72, 88)]
[26, (163, 190)]
[27, (2, 25)]
[27, (92, 114)]
[27, (240, 256)]
[28, (171, 187)]
[28, (274, 295)]
[30, (0, 1)]
[31, (178, 195)]
[31, (343, 361)]
[32, (45, 62)]
[33, (299, 333)]
[35, (274, 294)]
[36, (167, 182)]
[36, (343, 364)]
[38, (189, 208)]
[38, (230, 247)]
[38, (310, 328)]
[39, (209, 227)]
[39, (274, 291)]
[40, (189, 204)]
[42, (79, 97)]
[44, (0, 1)]
[44, (3, 27)]
[45, (72, 88)]
[46, (0, 15)]
[47, (24, 39)]
[47, (92, 114)]
[47, (116, 132)]
