[0, (115, 156)]
[1, (66, 90)]
[1, (208, 240)]
[5, (289, 342)]
[6, (7, 40)]
[6, (110, 157)]
[6, (242, 266)]
[7, (66, 90)]
[7, (209, 240)]
[12, (6, 49)]
[13, (57, 92)]
[13, (302, 346)]
[14, (89, 184)]
[14, (189, 216)]
[14, (241, 285)]
[14, (349, 364)]
[15, (213, 241)]
[15, (277, 295)]
[15, (298, 316)]
[16, (106, 124)]
[16, (174, 195)]
[17, (138, 163)]
[17, (188, 208)]
[17, (220, 240)]
[17, (297, 337)]
[18, (97, 120)]
[18, (344, 364)]
[19, (119, 136)]
[19, (208, 225)]
[20, (0, 1)]
[24, (119, 135)]
[24, (211, 230)]
[25, (189, 208)]
[25, (357, 364)]
[47, (288, 337)]
