[0, (0, 3)]
[0, (328, 364)]
[3, (262, 309)]
[8, (356, 364)]
[10, (331, 360)]
[13, (0, 4)]
[13, (261, 309)]
[15, (0, 2)]
[16, (0, 4)]
[16, (103, 167)]
[16, (175, 200)]
[17, (0, 3)]
[17, (192, 273)]
[17, (296, 311)]
[19, (0, 5)]
[20, (0, 2)]
[23, (359, 364)]
[24, (103, 121)]
[24, (123, 159)]
[25, (0, 2)]
[25, (172, 192)]
[25, (200, 221)]
[25, (223, 258)]
[25, (359, 364)]
[26, (0, 4)]
[28, (0, 2)]
[32, (123, 149)]
[32, (359, 364)]
[33, (52, 69)]
[33, (216, 239)]
[34, (16, 56)]
[34, (359, 364)]
[36, (17, 32)]
[36, (81, 105)]
[36, (112, 138)]
[36, (295, 310)]
[40, (0, 0)]
[40, (102, 145)]
[40, (150, 165)]
[41, (186, 268)]
[42, (0, 2)]
[46, (0, 2)]
