[0, (359, 364)]
[7, (142, 159)]
[7, (161, 206)]
[7, (231, 275)]
[9, (175, 206)]
[9, (212, 227)]
[9, (231, 291)]
[9, (297, 364)]
[10, (0, 4)]
[10, (62, 79)]
[12, (44, 71)]
[12, (278, 328)]
[13, (158, 259)]
[13, (331, 349)]
[14, (107, 157)]
[14, (204, 231)]
[16, (110, 176)]
[16, (185, 259)]
[17, (0, 13)]
[18, (0, 3)]
[19, (0, 0)]
[19, (359, 364)]
[23, (359, 364)]
[33, (359, 364)]
[34, (0, 3)]
[34, (111, 126)]
[36, (0, 4)]
[36, (198, 224)]
[36, (248, 272)]
[36, (296, 328)]
[36, (342, 363)]
[37, (0, 14)]
[37, (17, 33)]
[37, (35, 77)]
[37, (133, 150)]
[38, (0, 4)]
[39, (121, 159)]
[43, (185, 226)]
[45, (203, 221)]
[46, (245, 262)]
