[0, (110, 171)]
[1, (313, 334)]
[1, (338, 363)]
[8, (0, 42)]
[8, (47, 94)]
[10, (0, 5)]
[11, (8, 42)]
[11, (100, 171)]
[12, (54, 75)]
[14, (117, 138)]
[15, (131, 171)]
[34, (36, 65)]
[35, (188, 203)]
[36, (0, 0)]
[36, (36, 66)]
[36, (86, 171)]
[36, (326, 343)]
[37, (174, 198)]
[39, (0, 2)]
[39, (8, 41)]
[39, (304, 331)]
[40, (0, 12)]
[40, (54, 69)]
[40, (229, 245)]
[41, (0, 2)]
[41, (26, 41)]
[41, (304, 324)]
[43, (171, 197)]
[44, (229, 245)]
[44, (275, 292)]
[45, (0, 27)]
[45, (54, 69)]
[45, (326, 363)]
