[11, (64, 214)]
[11, (309, 364)]
[12, (0, 58)]
[13, (213, 307)]
[14, (0, 1)]
[14, (83, 181)]
[14, (183, 215)]
[14, (357, 364)]
[15, (66, 87)]
[16, (34, 61)]
[16, (310, 360)]
[17, (0, 1)]
[18, (2, 34)]
[18, (213, 295)]
[18, (301, 316)]
[30, (41, 57)]
[31, (302, 340)]
[32, (235, 257)]
[32, (272, 290)]
[32, (342, 360)]
[33, (270, 286)]
[34, (64, 82)]
[34, (167, 188)]
[34, (341, 360)]
[35, (96, 112)]
[35, (124, 143)]
[35, (227, 246)]
[36, (66, 103)]
[36, (108, 128)]
[36, (142, 168)]
[36, (173, 218)]
[36, (312, 360)]
[38, (0, 46)]
[38, (217, 311)]
[39, (81, 120)]
[39, (146, 185)]
[39, (319, 360)]
[40, (289, 305)]
[41, (41, 61)]
[41, (67, 83)]
[41, (215, 239)]
[41, (247, 315)]
[42, (0, 41)]
