[13, (159, 177)]
[13, (222, 238)]
[14, (10, 25)]
[14, (273, 307)]
[15, (171, 251)]
[15, (322, 345)]
[16, (38, 60)]
[16, (64, 172)]
[16, (341, 364)]
[17, (22, 42)]
[17, (171, 267)]
[18, (147, 172)]
[18, (274, 298)]
[19, (245, 267)]
[20, (328, 364)]
[21, (91, 150)]
[21, (311, 331)]
[22, (299, 315)]
[23, (274, 298)]
[24, (276, 295)]
[25, (0, 3)]
[25, (321, 364)]
[26, (118, 150)]
[27, (88, 122)]
[27, (274, 295)]
[28, (219, 245)]
[29, (172, 188)]
[29, (193, 252)]
[30, (149, 166)]
[30, (219, 245)]
[30, (250, 269)]
[30, (320, 356)]
[30, (359, 364)]
[31, (64, 81)]
[31, (93, 165)]
[31, (338, 363)]
[32, (80, 116)]
[32, (250, 269)]
[34, (0, 3)]
[34, (293, 310)]
[34, (313, 329)]
[38, (164, 184)]
[40, (163, 190)]
[42, (183, 201)]
[44, (179, 196)]
