[1, (259, 275)]
[8, (119, 143)]
[9, (252, 269)]
[11, (141, 209)]
[11, (247, 264)]
[11, (304, 333)]
[13, (274, 294)]
[14, (67, 84)]
[14, (234, 252)]
[14, (277, 292)]
[14, (307, 333)]
[15, (113, 176)]
[15, (219, 267)]
[15, (294, 315)]
[16, (123, 140)]
[16, (201, 223)]
[16, (234, 252)]
[16, (315, 333)]
[29, (28, 120)]
[29, (173, 190)]
[31, (165, 188)]
[32, (67, 103)]
[32, (160, 177)]
[32, (181, 207)]
[32, (210, 235)]
[33, (27, 46)]
[33, (99, 114)]
[35, (47, 65)]
[35, (67, 98)]
[35, (113, 130)]
[35, (168, 209)]
[36, (151, 172)]
[36, (205, 224)]
[37, (68, 84)]
[37, (241, 256)]
[38, (147, 163)]
[38, (293, 345)]
[39, (9, 33)]
[39, (49, 84)]
[39, (176, 194)]
[39, (204, 230)]
[39, (234, 251)]
[40, (0, 7)]
[40, (294, 342)]
[44, (67, 84)]
[44, (211, 227)]
[45, (175, 194)]
[45, (306, 321)]
[46, (0, 7)]
