[0, (266, 291)]
[0, (293, 311)]
[10, (193, 213)]
[10, (217, 234)]
[10, (244, 261)]
[10, (290, 313)]
[10, (358, 364)]
[11, (0, 10)]
[11, (144, 188)]
[11, (334, 349)]
[12, (109, 148)]
[12, (279, 295)]
[12, (314, 329)]
[13, (32, 60)]
[14, (61, 100)]
[14, (236, 262)]
[15, (200, 227)]
[16, (161, 186)]
[17, (0, 1)]
[17, (152, 183)]
[19, (167, 184)]
[20, (0, 3)]
[21, (0, 2)]
[21, (29, 52)]
[22, (0, 3)]
[23, (0, 2)]
[23, (359, 364)]
[26, (0, 0)]
[26, (161, 177)]
[34, (126, 201)]
[35, (97, 130)]
[35, (200, 236)]
[36, (77, 101)]
[36, (232, 271)]
[36, (348, 364)]
[37, (53, 83)]
[37, (265, 300)]
[38, (34, 57)]
[38, (297, 326)]
[38, (359, 364)]
[39, (0, 38)]
[39, (323, 363)]
[41, (252, 272)]
[41, (289, 306)]
[41, (336, 353)]
[44, (241, 259)]
[44, (317, 334)]
[44, (336, 355)]
[45, (304, 321)]
