[1, (0, 2)]
[3, (107, 128)]
[15, (20, 39)]
[21, (0, 2)]
[32, (172, 203)]
[34, (125, 152)]
[35, (0, 5)]
[37, (0, 3)]
[37, (35, 59)]
[37, (326, 346)]
[38, (0, 15)]
[38, (18, 57)]
[38, (299, 329)]
[39, (84, 99)]
[39, (102, 129)]
[39, (242, 261)]
[40, (21, 39)]
[40, (69, 88)]
[40, (338, 353)]
[41, (24, 45)]
[41, (62, 79)]
[42, (34, 58)]
[42, (320, 354)]
[43, (64, 81)]
[43, (285, 326)]
[44, (60, 80)]
[44, (82, 105)]
[44, (151, 198)]
[44, (268, 284)]
[45, (205, 220)]
[46, (0, 5)]
[46, (235, 268)]
[46, (327, 346)]
