[0, (285, 301)]
[0, (314, 337)]
[2, (311, 329)]
[3, (264, 279)]
[9, (30, 50)]
[11, (193, 212)]
[12, (103, 178)]
[12, (202, 256)]
[14, (214, 230)]
[14, (264, 282)]
[15, (0, 8)]
[15, (70, 88)]
[15, (228, 243)]
[16, (4, 71)]
[16, (265, 282)]
[17, (0, 8)]
[17, (29, 63)]
[17, (336, 351)]
[19, (6, 60)]
[21, (279, 295)]
[22, (8, 23)]
[26, (265, 287)]
[26, (336, 351)]
[28, (266, 290)]
[30, (0, 1)]
[30, (264, 279)]
[33, (59, 74)]
[33, (90, 105)]
[33, (332, 351)]
[33, (359, 364)]
[35, (310, 328)]
[38, (89, 105)]
[38, (311, 342)]
[40, (141, 160)]
[40, (230, 245)]
[40, (310, 327)]
[41, (217, 233)]
[42, (109, 133)]
[42, (206, 224)]
[43, (310, 326)]
[45, (0, 15)]
[45, (127, 142)]
[45, (359, 364)]
[47, (189, 208)]
