[0, (0, 2)]
[1, (103, 134)]
[6, (0, 30)]
[6, (32, 48)]
[10, (337, 353)]
[13, (0, 30)]
[13, (32, 92)]
[13, (159, 176)]
[13, (337, 353)]
[14, (232, 279)]
[14, (299, 339)]
[15, (66, 85)]
[15, (278, 302)]
[16, (228, 251)]
[16, (318, 351)]
[17, (115, 156)]
[17, (208, 254)]
[18, (0, 0)]
[18, (165, 181)]
[18, (183, 206)]
[32, (0, 1)]
[34, (169, 185)]
[34, (220, 255)]
[35, (115, 181)]
[35, (190, 205)]
[39, (25, 48)]
[39, (62, 100)]
[41, (0, 16)]
[43, (323, 342)]
[44, (128, 145)]
[47, (0, 30)]
[47, (32, 48)]
