[9, (214, 242)]
[9, (258, 361)]
[10, (0, 61)]
[10, (85, 138)]
[10, (148, 164)]
[13, (214, 242)]
[13, (279, 298)]
[15, (121, 164)]
[15, (192, 217)]
[15, (281, 351)]
[16, (88, 109)]
[18, (0, 1)]
[20, (0, 50)]
[20, (52, 73)]
[35, (319, 334)]
[36, (184, 202)]
[37, (147, 165)]
[37, (208, 295)]
[37, (334, 351)]
[37, (356, 364)]
[38, (0, 1)]
[38, (11, 36)]
[38, (172, 189)]
[41, (214, 243)]
[41, (249, 264)]
[42, (109, 192)]
[42, (194, 215)]
[43, (31, 50)]
[43, (276, 364)]
[44, (0, 41)]
[44, (47, 79)]
[44, (81, 115)]
