[1, (0, 0)]
[5, (0, 0)]
[7, (0, 0)]
[10, (0, 0)]
[11, (241, 272)]
[12, (0, 0)]
[12, (44, 88)]
[12, (279, 326)]
[14, (0, 0)]
[14, (26, 42)]
[14, (157, 175)]
[14, (193, 246)]
[15, (172, 196)]
[15, (279, 295)]
[16, (0, 0)]
[17, (157, 179)]
[17, (192, 223)]
[29, (0, 0)]
[32, (0, 0)]
[32, (133, 179)]
[35, (0, 3)]
[36, (6, 35)]
[36, (44, 64)]
[36, (69, 108)]
[36, (267, 357)]
[37, (101, 154)]
[37, (170, 193)]
[38, (0, 5)]
[38, (157, 172)]
[38, (191, 272)]
[38, (278, 311)]
[38, (321, 348)]
[39, (98, 115)]
[39, (298, 331)]
[39, (339, 359)]
[40, (0, 0)]
[40, (257, 276)]
[40, (289, 311)]
[41, (222, 246)]
[42, (0, 0)]
[42, (211, 228)]
[45, (0, 0)]
