[0, (190, 211)]
[1, (106, 130)]
[1, (152, 185)]
[2, (188, 208)]
[2, (334, 351)]
[5, (107, 133)]
[5, (327, 364)]
[8, (101, 116)]
[8, (162, 181)]
[9, (190, 208)]
[10, (3, 92)]
[10, (97, 116)]
[10, (126, 180)]
[12, (186, 216)]
[12, (329, 364)]
[14, (1, 31)]
[14, (131, 149)]
[14, (162, 209)]
[16, (184, 213)]
[17, (248, 268)]
[18, (4, 43)]
[18, (81, 107)]
[18, (111, 137)]
[18, (147, 186)]
[19, (101, 118)]
[19, (328, 351)]
[19, (353, 364)]
[21, (51, 66)]
[21, (193, 210)]
[24, (144, 167)]
[26, (191, 211)]
[28, (267, 326)]
[30, (150, 169)]
[30, (211, 252)]
[30, (268, 287)]
[30, (289, 330)]
[32, (114, 129)]
[33, (249, 267)]
[34, (6, 29)]
[34, (61, 77)]
[34, (80, 127)]
[34, (131, 188)]
[34, (233, 253)]
[35, (38, 57)]
[36, (186, 219)]
[36, (276, 324)]
[37, (38, 59)]
[38, (131, 149)]
[39, (41, 59)]
[40, (183, 220)]
[40, (289, 316)]
[41, (250, 268)]
[41, (298, 313)]
[41, (339, 363)]
[42, (13, 31)]
[42, (81, 137)]
[42, (147, 184)]
[43, (187, 211)]
[43, (357, 364)]
[45, (203, 223)]
[46, (217, 237)]
[46, (268, 311)]
[47, (107, 122)]
[47, (190, 211)]
