[0, (0, 126)]
[0, (246, 291)]
[1, (240, 258)]
[5, (0, 43)]
[5, (67, 94)]
[6, (0, 2)]
[6, (16, 83)]
[6, (86, 126)]
[6, (288, 363)]
[8, (0, 363)]
[11, (122, 363)]
[13, (0, 34)]
[13, (37, 54)]
[13, (83, 126)]
[15, (156, 175)]
[15, (190, 216)]
[16, (7, 26)]
[18, (27, 65)]
[19, (211, 229)]
[21, (0, 2)]
[24, (0, 5)]
[27, (0, 4)]
[28, (0, 14)]
[31, (112, 130)]
[31, (229, 264)]
[33, (0, 10)]
[34, (0, 4)]
[34, (345, 363)]
[36, (0, 5)]
[36, (7, 126)]
[39, (0, 2)]
[39, (66, 117)]
[39, (126, 143)]
[39, (193, 214)]
[39, (246, 263)]
[39, (290, 330)]
[39, (337, 356)]
[40, (0, 63)]
[40, (69, 92)]
[40, (147, 197)]
[40, (200, 291)]
[41, (122, 156)]
[41, (166, 214)]
[41, (246, 274)]
[42, (259, 364)]
