[11, (334, 350)]
[14, (0, 27)]
[14, (44, 61)]
[17, (345, 362)]
[18, (0, 1)]
[18, (94, 188)]
[19, (195, 222)]
[19, (224, 243)]
[19, (250, 266)]
[19, (294, 316)]
[19, (320, 351)]
[22, (9, 50)]
[22, (70, 86)]
[22, (97, 188)]
[22, (191, 206)]
[22, (209, 238)]
[23, (0, 4)]
[24, (2, 17)]
[25, (0, 15)]
[25, (269, 331)]
[26, (0, 12)]
[26, (15, 57)]
[28, (97, 178)]
[29, (0, 7)]
[29, (193, 266)]
[29, (270, 311)]
[29, (314, 362)]
[31, (0, 4)]
[31, (35, 50)]
[32, (91, 169)]
[32, (193, 211)]
[33, (40, 59)]
[33, (233, 251)]
[34, (17, 41)]
[34, (70, 86)]
[35, (40, 58)]
[35, (261, 328)]
[36, (50, 66)]
[37, (236, 266)]
[37, (305, 326)]
[38, (0, 1)]
[39, (334, 350)]
[40, (0, 4)]
[43, (0, 4)]
[43, (294, 319)]
[44, (333, 350)]
[46, (171, 188)]
[46, (191, 208)]
