[12, (274, 363)]
[13, (75, 135)]
[13, (150, 165)]
[14, (0, 60)]
[14, (63, 79)]
[16, (80, 102)]
[16, (193, 216)]
[16, (255, 271)]
[16, (290, 331)]
[17, (177, 197)]
[19, (79, 120)]
[20, (0, 4)]
[20, (46, 73)]
[20, (340, 364)]
[31, (256, 271)]
[31, (279, 364)]
[32, (80, 134)]
[32, (147, 171)]
[32, (217, 239)]
[33, (0, 22)]
[33, (24, 39)]
[33, (52, 70)]
[33, (256, 271)]
[35, (0, 5)]
[35, (8, 23)]
[35, (45, 68)]
[35, (130, 153)]
[35, (276, 313)]
[36, (235, 263)]
[37, (100, 148)]
[37, (150, 168)]
[37, (199, 214)]
[39, (250, 265)]
[39, (351, 364)]
[44, (166, 181)]
